  177    21.30 
  231    12.35 
  267    44.53 
  229    26.41 
  232    20.99 
  187    46.73 
  216    15.42 
  180    36.19 
  173    48.93 
  244    21.66 
  193    14.79 
  204    24.27 
  186    26.88 
  160    16.66 
  165    14.49 
  162    12.7 
  249    21.64 
  210    29.6 
  204    13.15 
  189    18.9 
  187    21.32 
  161    27.51 
  167    24.29 
  237    24.61 
  252    40.8 
  238    41.53 
  212    33.54 
  226    35.39 
  237    20.7 
  218    12.49 
  251    16.11 
  250    38.64 
  214    20.04 
  205    12.08 
  202    12.12 
  213    16.95 
  192    30.28 
  201    29.81 
  206    25.01 
  168    13.34 
  156     4 
  235    12.22 
  225     6.98 
  202     2.75 
  270     8.24 
  243    12.98 
  227     6.66 
  193     9.33 
  214     7.37 
  186    15 
  188    12.03 
  223    15.99 
  239    13.39 
  244    29.11 
  246    27.99 
  207    14.46 
  232    12.65 
  174    11.22 
  237    13.49 
  240    15.46 
  242    17.53 
  251    31.86 
  225    18.75 
  248    15.73 
  221    11.17 
  305    37.98 
  286    42.83 
  237    11.1 
  232    13.14 
  2     15.66 
  253    34.79 
  191    15.14 
  3     11.92 
  244    13.96 
  283    28.79 
  247    29.93 
  234    23.75 
  216    25.06 
  214     8.67 
  271    15.06 
  252    16.6 
  265    21 
  270    18.59 
  242    22.5 
  228    17.07 
  246     8.86 
  291    15.56 
  280    14.23 
  293    15.75 
  206    11.8 
  194    19.2 
  248    28.86 
  227    15.01 
  222    22.44 
  237    27.79 
  273    21.91 
  248    29.52 
  218    19.59 
  210     7.76 
  199     6.22 
  222    16.02 
  260    43.76 
  237    17.98 
  213    18.44 
  213    37.4 
  175    21.62 
  211    11.86 
  235    23.7 
  236    40.53 
  245    47.35 
  207    20.39 
  195    16.75 
  171    21.22 
  170    24.27 
  211    25.62 
  232    35.51 
  213    39.05 
  212    49.63 
  209    53.23 
  209    42.42 
  159    22.02 
  251    28.33 
  225    54.66 
  222    28.36 
  196    23.59 
  208    29.1 
  189    41.25 
  196    50.43 
  258    15.57 
  235    41.32 
  253    39.09 
  218    25.22 
  195    38.57 
  182    23.75 
  195    30.68 
  248    30.57 
  211    29.19 
  241    24.47 
  197    14.33 
  216    14.62 
  208    26.1 
  197    37.93 
  210    31.77 
  210    32.01 
  223    38.43 
  206    30.61 
  199    47.78 
  181    15.61 
  187    14.72 
  241    12.01 
  207    14.27 
  240    11.8 
  202    10.82 
  182     8.36 
  177     8.72 
  152     9.2 
  230    10.68 
  225     6.95 
  225     9.93 
  219    16.81 
  181    21.5 
  192    27.69 
  175    26.81 
  182    20.9 
  218    19.2 
  242    20.62 
  215    13.79 
  177    21.82 
  199    17.56 
  187    23.46 
  215    16.96 
  252    14.11 
  236    14.25 
  248    13.96 
  211    11.96 
  212    18.7 
  189    17.52 
  263    15.67 
  240    15.32 
  233    15.24 
  227    50.22 
  220    54.54 
  217    63.35 
  196     9.81 
  261    13.36 
  216    16.33 
  237    12.34 
  230    14.51 
  214    12.28 
  221    16.97 
  231    54.25 
  307    40.42 
  269    16.48 
  269    15.65 
  264    17.36 
  257    16.55 
  204    17.78 
  260    16.22 
  268    12.63 
  256    12.23 
  253    15.77 
  233    26.96 
  233    19.75 
  195    18.56 
  255    11.31 
  266    25 
  236    13.86 
  282    10.85 
  239     7.74 
  230     6.69 
  208    12.32 
  223     8.8 
  269    17.26 
  276    12.94 
  262    58.1 
  216    36.41 
  211    25.93 
  214    18.59 
  192    21.04 
  228    33.15 
  215    33.03 
  240    23.02 
  224    22.06 
  215    28.06 
  205    30.92 
  172    40.7 
  209    32.01 
  205    36.48 
  223    40.87 
  230    51.54 
  237    51.62 
  159    68.49 
  173    55.88 
  275    66.55 
  231    36.33 
  218    27.24 
  188    39.51 
  168    25.46 
  176     8.65 
  175     9.7 
  186    11.93 
  235    16.75 
  231    18.05 
  213    52.92 
  210    60.61 
  213    14.04 
  190     9.42 
  245    15.63 
  218    16.77 
  231    17.62 
  218    20.63 
  220    41.07 
  209    63.18 
  174    40.34 
  242    11.13 
  214    13.41 
  232    15.46 
  197    14.88 
  199    17.49 
  183    31.47 
  204    19.99 
  252    25.23 
  196    16.13 
  229    13.51 
  252    31.87 
  206    17.92 
  213    20.01 
  193    15.97 
  270    25.13 
  228    24.86 
  212    26.29 
  240    28.63 
  254    27.56 
  235    23.04 
  237    16.5 
  285    19.92 
  259    22.15 
  276    22.97 
  243    19.42 
  220    19.19 
  230    28.07 
  220    26.84 
  304    19.76 
  263    18.81 
  253    25.66 
  220    13.23 
  247    15.88 
  181    14.69 
  230    11.89 
  226    18.29 
  252    12.79 
  205    13.25 
  205    10.88 
  212    12.41 
  249    15.66 
  232    13.57 
  295    16.57 
  279    22.6 
  278    22.43 
  273    26.65 
  265    46.65 
  249    23.7 
  213    17.44 
  294    22.08 
  285    18.95 
  275    22.57 
  235    17.14 
  246    21.4 
  246    21.75 
  254    21.71 
  326    21.23 
  270    15.17 
  244    19.8 
  253    19.16 
  240    10.12 
  228     9.79 
  249     6.06 
  275     8.61 
  247    10.07 
  273    12.46 
  260    24.36 
  226    19.81 
  224    12.58 
  194     7.83 
  267    21.06 
  252    15.24 
  255    16.86 
  222    18.28 
  235    11.6 
  229    16.74 
  237    12.69 
  3     24.97 
  267    38.79 
  257    14.18 
  240    16.43 
  258    14.18 
  225    12.72 
  211    12.49 
  261    17.45 
  247    25.12 
  254    20.84 
  223    12.42 
  234    13.54 
  240    15.41 
  208    11.67 
  279    28.28 
  239    15.5 
  262    19.03 
  227    18.54 
  240    15.42 
  206    16.75 
  226    13.9 
  289    11.86 
  304    18.86 
  279    16.03 
  258    28.22 
  275    38.29 
  264    18.46 
  227    12.09 
  284    13.22 
  224    15.56 
  322    14.23 
  236    16.08 
  265    23.29 
  231    20.04 
  207    10.22 
  235    14.22 
  299    19.7 
  284    16.09 
  238    18.37 
  249    22.74 
  266    31.11 
  287    32.04 
  351    64.14 
  317    15.42 
  328    21.87 
  275    22.93 
  259    27.1 
  261    17.98 
  255    17.66 
  308    30.19 
  291    17.51 
  274    18.13 
  321    22.07 
  294    15.16 
  269    12.29 
  268    27.54 
  335    27.91 
  281    14.85 
  321    16.74 
  256    19.8 
  216    11.44 
  263    11.83 
  213    11.34 
  238    10.76 
  189    12.7 
  289    18.14 
  289    19.01 
  349    18.23 
  315    14.33 
  273    16.51 
  335    21.01 
  320    18.15 
  350    30.39 
  357    43.76 
  302    16.2 
  262    19.52 
  328    46.52 
  387    47.61 
  286    12.22 
  311    13.4 
  277    14.84 
  269    12.95 
  306    32.69 
  247    10.13 
  319    10.78 
  273    10.75 
  322    12.48 
  318    14.86 
  297    16.92 
  306    16.56 
  309    12.04 
  379    27.25 
  335    24.97 
  333    12.22 
  366    13.93 
  350    16.68 
  290    21.14 
  356    14.09 
  450    19.66 
  415    19.32 
  437    14.4 
  376    31.43 
  380    23.64 
  327    18.09 
  314     8.57 
  381     9.05 
  363     9.57 
  404    15.05 
  362    17.57 
  335    20.91 
  344    10.96 
  279    10 
  351    13.14 
  316    43.7 
  332    60.82 
  338    46.76 
  321    46.34 
  251    26.57 
  262     8.65 
  345    12.57 
  315    12.77 
  358    48.33 
  340    32.91 
  287    11.65 
  291     6.83 
  295     6.53 
  360     6.96 
  293     9.14 
  277     8.91 
  359    46.47 
  299    18.12 
  301    12.45 
  345    27.09 
  391    33.18 
  367    41.46 
  377    22.02 
  343    12.43 
  273    45.62 
  360    50.31 
  295    37.29 
  311    15.48 
  373    29.42 
  348    29.37 
  281     7.53 
  344     9.51 
  289    33.45 
  313    30.68 
  318     7.25 
  296    32.16 
  325    10.8 
  286     7.47 
  316     8.51 
  236    24.33 
  264    25.95 
  314    33.12 
  297    39.81 
  326    10.23 
  273     6.31 
  291     8.59 
  248    16.72 
  281    36 
  304     9.56 
  308     9.03 
  352    16.73 
  320     6.64 
  285     6.64 
  293     7.73 
  277    39.49 
  362    12.59 
  322     7.37 
  3     15.6 
  285    16.86 
  294    27.68 
  282    23.96 
  278    17.27 
  360     7.97 
  297     4.96 
  340     7.27 
  350    26.72 
  326    53.13 
  245    42.34 
  260     9.22 
  366    42.05 
  313    10.2 
  327     5.18 
  285     6.14 
  231     4.8 
  223    17.73 
  256    33.46 
  329    12.96 
  284     5.77 
  281     6.26 
  293    18.46 
  246    17.92 
  227    16.14 
  212     5.49 
  325    14.41 
  326     9.86 
  288    28.48 
  280    19.48 
  279    24.71 
  218    17.75 
  222    15.55 
  257    26.64 
  304    14.31 
  291    14.58 
  253    11.89 
  246    15.39 
  210    13.1 
  235    11.76 
  308    16.92 
  277    15.64 
  272    20.83 
  277    10.23 
  288    20.06 
  259     7.53 
  219    21.14 
  307    28.33 
  269    27.8 
  302    29.04 
  307    29.1 
  271     6.11 
  288     6.88 
  252    25.14 
  353    24.55 
  269    24.41 
  333    29.95 
  311    13.97 
  283    25.34 
  258    19.19 
  252    14.83 
  303    16.46 
  265    32.12 
  297    24.23 
  327    17.03 
  262    13.27 
  246    28.21 
  219    15.54 
  314    16.55 
  287    21.74 
  315    27.95 
  304    18.38 
  262    10.54 
  248    28.74 
  240    16.39 
  305    37.62 
  274    19.73 
  327    14.85 
  235    16.11 
  270    10.59 
  223     7.48 
  226     7.43 
  303    11.93 
  297    18.35 
  273    25.89 
  290    26.23 
  284     7.28 
  222     4.67 
  251    19.99 
  283    21.38 
  285    14.58 
  319    10.94 
  293    10.31 
  278    14.06 
  238     9.48 
  250     6.95 
  298     8.32 
  3     12.6 
  346    46.2 
  283    51.98 
  3     32.28 
  222     7.93 
  202     4.73 
  219     5.51 
  317     8.48 
  311    36.78 
  248    99 
  275    99 
  240     7.4 
  220    23.36 
  337    45.29 
  278    35.11 
  284     6.53 
  249     7.07 
  257    13.01 
  201    38.82 
  256    20.6 
  285     9.69 
  281     8.35 
  327    11.52 
  244    12.5 
  238    17.48 
  226    18.22 
  225     8.91 
  282     8.89 
  288     8.77 
  280     9.03 
  259     9.8 
  282    20.38 
  255    27.63 
  302    15.03 
  343     8.91 
  278    11.75 
  312     8.14 
  282     6.29 
  280     7.29 
  286     6.86 
  258     6.8 
  244     3.26 
  216     2.74 
  306    10.08 
  257    10.48 
  264    10.84 
  239     8.65 
  214     9.53 
  265    11.64 
  292    10.62 
  252     7.38 
  259     7.17 
  270     6.81 
  222    10.04 
  252     8.21 
  332    10.07 
  239    10.07 
  278    22.47 
  256    18.24 
  244    13.41 
  236    11.36 
  219     9.16 
  320    13.33 
  329     9.8 
  281     8.92 
  322    10.86 
  274    12.1 
  220    19.01 
  251    14.78 
  335    16.5 
  270    18.88 
  2     13.63 
  295    17.99 
  275    20.5 
  267    19.09 
  246    15.13 
  320    17.55 
  292    11.61 
  326    18.36 
  308    21.57 
  289    27.76 
  249    18.12 
  249    13.27 
  334    22.36 
  292    14.64 
  291    12.84 
  330    15.31 
  321    15.79 
  273    12.59 
  271    14.31 
  341    21.89 
  337    19.83 
  274    33.04 
  282    14.96 
  272    15.10
  248    19.59 
  275    17.14 
  380    14.69 
  348    15.10
  323    16.49 
  327    13.71 
  287    10.8
  245    14.75 
  256    15.26 
  327    20.06 
  311    23.43 
  312    20.86 
  317    20.02 
  273    23.92 
  239    22.87 
  277     9.82 
  357    24.78 
  366    27.72 
  362    19.89 
  326    21.82 
  316     7.99 
  238     9.13 
  259     9.36 
  313    11.16 
  293    20.29 
  305    15.27 
  295    14.25 
  271    25.56 
  242    26.43 
  213    17.6
  213    23.37 
  238    20.51 
  340    20.13 
  294    18.78 
  290    19.72 
  253    27.07 
  261    33.18 